2.000000000000000000e+01
1.944243071204020978e+01
1.984447451006667862e+01
2.119553788813540862e+01
2.122697795858860914e+01
2.120818918737137437e+01
2.361721806866403028e+01
2.371753375253462082e+01
2.518506689623646366e+01
2.644104386520743688e+01
2.814294841388604951e+01
2.994047404747668750e+01
3.118877880839736960e+01
3.096179229720732806e+01
3.394800008136787994e+01
3.353277184192592131e+01
3.376892860176401712e+01
3.357053395226389370e+01
3.712298422365682882e+01
3.630096425941335525e+01
3.672420992351774061e+01
3.395299403268550265e+01
3.118015534394364607e+01
3.000253748200583814e+01
2.964099336612792612e+01
2.997337761620458352e+01
2.960391014950681665e+01
2.841305428810178313e+01
3.110568273167324094e+01
3.455088320496263066e+01
3.603373825879661752e+01
3.720953662041279841e+01
3.759709286082073731e+01
3.522935163302614114e+01
3.437220910421540054e+01
3.538190674180845718e+01
3.296169771478717081e+01
3.197257423019012990e+01
3.130218580060071787e+01
3.131993227414087855e+01
2.868583706165953373e+01
2.631025886234740696e+01
2.451455924230366179e+01
2.211799468667914326e+01
2.325462764683674521e+01
2.588723202051898653e+01
2.962978467802858162e+01
3.023100107211911336e+01
3.149509979736520293e+01
3.475730403596947582e+01
3.788265415013563597e+01
4.208718668042587296e+01
4.124725600927003910e+01
4.252708935752773556e+01
4.550747140823965964e+01
4.703767343441475646e+01
4.235432259997949700e+01
4.200789254111472815e+01
4.371310496820012759e+01
4.136507693830048993e+01
3.730269083245742934e+01
3.436414944181051112e+01
3.170667138288551712e+01
3.121042408666402324e+01
2.945789312055674003e+01
2.812143935647808490e+01
2.493025474803184949e+01
2.301144730443545328e+01
2.279771902825682162e+01
2.439274480131345513e+01
2.558375653887566159e+01
2.685382077901444120e+01
2.738264076699629257e+01
3.197304322435718760e+01
3.220975050457060718e+01
3.086828729304225760e+01
2.870291716950987038e+01
2.547221614599556361e+01
2.464389034426954694e+01
2.270444339575159276e+01
2.148748795904066711e+01
2.158546020585487568e+01
2.021895136744264931e+01
1.971414770677784745e+01
1.883008317375353258e+01
1.905574220522158413e+01
1.880200085754677986e+01
1.882531442212578554e+01
1.877529392946305720e+01
1.846066570865482248e+01
1.864998399349705238e+01
2.032552497107869627e+01
2.154980181374477155e+01
2.067347747705016658e+01
2.162996011415972930e+01
2.027970111025779332e+01
2.115419289381606660e+01
1.919097502764257257e+01
1.793743195391178347e+01
1.740569493784065003e+01
1.685577791868138675e+01
1.548259572707649667e+01
1.603741411947932605e+01
1.481805543040057493e+01
1.464466870796389308e+01
1.301737999454906358e+01
1.352464160941947924e+01
1.367571245607747166e+01
1.424726035727933748e+01
1.388216485245423115e+01
1.327945186280400591e+01
1.180725449075628042e+01
1.135937086390852357e+01
1.041746947639521714e+01
9.258926899801933175e+00
8.718783255432482449e+00
8.516762262856415688e+00
8.482122967548972881e+00
8.387949458502856004e+00
8.246728209956742717e+00
8.415519375971831195e+00
9.054881902024749962e+00
9.803503378427111059e+00
9.751115852527874495e+00
9.146670776929298086e+00
8.575043658056717533e+00
8.428798748761796134e+00
7.690280863957198676e+00
7.663271406268405528e+00
7.880170436683596513e+00
8.117570508408901375e+00
7.194194219805162049e+00
6.979626991177330986e+00
6.712633822197474842e+00
7.068292609887540934e+00
6.824114438181468678e+00
6.942350459227478510e+00
6.544423965099421814e+00
6.486999241021480955e+00
6.817669266719103227e+00
6.928232206089564471e+00
7.193522436164735190e+00
7.813092696891644096e+00
7.806937618698458259e+00
7.458665361182075237e+00
7.024470741507544247e+00
6.645233585916775709e+00
5.934511646293956666e+00
5.585157592706492480e+00
5.234519062099770359e+00
5.189536832985353065e+00
5.247943293753837501e+00
5.296795757454564324e+00
5.533890460131554612e+00
5.389188024807909372e+00
5.233815970656271688e+00
5.275159231338719223e+00
4.800558148572044104e+00
4.122014662411755737e+00
4.295868914041991005e+00
5.126507565722424609e+00
5.901938463380153266e+00
6.159424760000052679e+00
5.878099695435929029e+00
5.795528940152462560e+00
6.087987571629927430e+00
6.398385443707751641e+00
6.524740640742358266e+00
6.318020130330832096e+00
6.430964726729979652e+00
6.699703041227264677e+00
6.261635262654912104e+00
6.161553023665832463e+00
5.832076910925644064e+00
5.255509237291519753e+00
4.623081447876151273e+00
4.228539173784955807e+00
4.169577353744446491e+00
4.115309446872224441e+00
4.000190382358985275e+00
3.672446083419407259e+00
3.639999666972213888e+00
3.427848696190169075e+00
3.430110974439930516e+00
3.534256436926070499e+00
3.721681057387811631e+00
3.971683934068816590e+00
3.552557124813339406e+00
3.174576457471190327e+00
3.220771173605731175e+00
2.964854045891250678e+00
2.880538610652257692e+00
2.894470458257778489e+00
2.886744746970822728e+00
2.936843174408784840e+00
3.104249533190279742e+00
3.120502218016227403e+00
3.159848689305541747e+00
3.199630110595274246e+00
3.125326591456738079e+00
2.950913594940729912e+00
2.897021373077905526e+00
3.000759092501750214e+00
2.943017614453538489e+00
2.927557634116969343e+00
2.847746987450898715e+00
2.875627574583262458e+00
3.099094969532536936e+00
3.048953521051165794e+00
3.233274316590391884e+00
3.523905817954067654e+00
4.031780924150797141e+00
3.950523154389726788e+00
3.930212987151155524e+00
3.801052044837596178e+00
3.692902386593191366e+00
3.710592275452794464e+00
3.747538164460983534e+00
3.634171673842729877e+00
3.461109107430692777e+00
3.455082906868817361e+00
3.923213761544832145e+00
3.944404877901835693e+00
3.951781840853143990e+00
3.633167902119324388e+00
3.583507001760545929e+00
3.561079243360739444e+00
3.435514357403418373e+00
3.635462417334461627e+00
3.376461782716828619e+00
3.105915617362405179e+00
2.714474173908560939e+00
2.525840552962465679e+00
2.273733405510113492e+00
2.163769451917660902e+00
1.984283048773550995e+00
2.116431045180421133e+00
2.211694565700977222e+00
2.285186226444551050e+00
2.660356022412603494e+00
2.750609097514130408e+00
2.603790876994837244e+00
2.628891295793583716e+00
2.886458949628702086e+00
3.225211576225114563e+00
3.534781062295234477e+00
3.503609753661383053e+00
3.623022465522166780e+00
3.743589403658060366e+00
3.465257539123812958e+00
3.559938459304905933e+00
3.639948267624056211e+00
3.622940408246440480e+00
3.207910290974204770e+00
3.193730050027329792e+00
3.568561035906992362e+00
3.404354970621034315e+00
3.273028492482224383e+00
3.247025707639262571e+00
3.404669058916564683e+00
3.247786043060186145e+00
2.982280863290112549e+00
3.052190802578055084e+00
3.042023857537980103e+00
2.989235592523998175e+00
2.890085115211395550e+00
3.108876355567796956e+00
3.426776489843786688e+00
3.602533410727466023e+00
3.300904609496756237e+00
3.408559021111075893e+00
3.189047344657101046e+00
2.958020603250142155e+00
2.741300722706722315e+00
2.675842130892716053e+00
2.548952347358175885e+00
2.755526111447971882e+00
2.551051619550831262e+00
2.349722694322187166e+00
2.363771558644836013e+00
2.161829511876893761e+00
2.141639624426179722e+00
2.187149597392352707e+00
1.994269807297452957e+00
2.037382585185968598e+00
2.030173643013482909e+00
1.959375331673200771e+00
1.808639558696230276e+00
1.717106228806151602e+00
1.624805411616427442e+00
1.664417552260537780e+00
1.710553073313071604e+00
1.756348556347365752e+00
1.638997818708231913e+00
1.589123582210025809e+00
1.552393097761830099e+00
1.503121678154798468e+00
1.348027391956305499e+00
1.272797417610021631e+00
1.283898595808075083e+00
1.150502340720466643e+00
1.108501742583787308e+00
1.155563913853163038e+00
1.236506503084542574e+00
1.227071372979291919e+00
1.175789922233870577e+00
1.080764646459288603e+00
1.049811096933118248e+00
1.058069716525509740e+00
1.123919063959278652e+00
1.154872938616286371e+00
1.034963176251824102e+00
9.685819674939720736e-01
9.136736581568328797e-01
1.013044833945732526e+00
1.065156819914688358e+00
1.069848852990991084e+00
1.111204311964798519e+00
1.225563558841725298e+00
1.236780005073423450e+00
1.239656045782759897e+00
1.218649079495543130e+00
1.220432580903082043e+00
1.249941852475714432e+00
1.175378256566327329e+00
1.216439231437719037e+00
1.286891012388997613e+00
1.301854014207062038e+00
1.328524224062414882e+00
1.492259057079362350e+00
1.444702519003201679e+00
1.356460045511403534e+00
1.314158220694842338e+00
1.344408807339698697e+00
1.380151170775104186e+00
1.385860542816689467e+00
1.564298055445525026e+00
1.710197422767703479e+00
1.924314764855815652e+00
1.909324578226502700e+00
1.915797161496436196e+00
1.881169032757862958e+00
1.819640842117755453e+00
1.822329271015234342e+00
1.877924845699898926e+00
1.983096484787107538e+00
1.874286447111283671e+00
1.736272732405873542e+00
1.707774050138997080e+00
1.707107506792255203e+00
1.762798247652400230e+00
1.900694611810805901e+00
2.014958657536191744e+00
2.282169378565390261e+00
2.464369763163827276e+00
2.544017289529257653e+00
2.882269282733889604e+00
2.972091186792754858e+00
3.050927598223226234e+00
3.117588002001513647e+00
2.917605004437587635e+00
2.829913169212427082e+00
2.803199150596021205e+00
2.846144029355587968e+00
3.012213108409069751e+00
3.747853389342792330e+00
4.461453889224821445e+00
4.930915234149384041e+00
4.615262985746725555e+00
4.541703999090844768e+00
4.486156499243454832e+00
4.831636518694338633e+00
5.104928518707348317e+00
4.973768835017666312e+00
5.050637608548496083e+00
4.451248955333493740e+00
3.943627120263196062e+00
3.578472134901744095e+00
3.528548599576864842e+00
3.325945809872532077e+00
3.140025140679476134e+00
2.846136338325309989e+00
2.635040314606933443e+00
2.474697979048278818e+00
2.243104716926351383e+00
2.071921877153497515e+00
1.952616272633222350e+00
1.784287680889698358e+00
1.631957741766799863e+00
1.438152064708833278e+00
1.473514033163477732e+00
1.557010359742546646e+00
1.577468190541198245e+00
1.559687910205935113e+00
1.599843301713615773e+00
1.623616298975093297e+00
1.704222554397452738e+00
1.926411618264115999e+00
2.039907271803996558e+00
2.019967885457855772e+00
2.067831407361825580e+00
2.139390857587312400e+00
1.984543633260442697e+00
1.820345283635030897e+00
1.828307209332304950e+00
1.979759151209662393e+00
2.098739321287610426e+00
2.067251207149464864e+00
1.950043290774282179e+00
1.866626323383831387e+00
1.708212764125794259e+00
1.625936663021352313e+00
1.532218052553989907e+00
1.536703545006808280e+00
1.520365656684644184e+00
1.635914390097479298e+00
1.729753895571817468e+00
1.611779337517503352e+00
1.572008091088137993e+00
1.568310648474182001e+00
1.580213087645111258e+00
1.552734425965488496e+00
1.640733933525075461e+00
1.821513402001930348e+00
1.892904337409810012e+00
1.838069690199401807e+00
1.843387934914612503e+00
1.901638333210177167e+00
1.752341552991190987e+00
1.588147335566058471e+00
1.537923071566527522e+00
1.516621219405978938e+00
1.460074176730838280e+00
1.421871275757343733e+00
1.557919080738797257e+00
1.694534239888871419e+00
1.755516105425476203e+00
1.647854039012186522e+00
1.598040789708731424e+00
1.566643745097664242e+00
1.646669237985864953e+00
1.686331009197882036e+00
1.833462546998581466e+00
1.857957648872753831e+00
1.923258603881133455e+00
1.775984541037013420e+00
1.885190136177776088e+00
1.826954425663209536e+00
1.797585570860507076e+00
1.541269828451206747e+00
1.513667411517663819e+00
1.481763321614011142e+00
1.570395504180973623e+00
1.768924061039830908e+00
1.817411950786844699e+00
1.985443127969193311e+00
2.021383161062479950e+00
2.368683085861157167e+00
2.582086653510946572e+00
2.406647282517514252e+00
2.172111063086184846e+00
2.058367525110839313e+00
1.908152990820869865e+00
1.826811082458409174e+00
1.892261287056899999e+00
1.970696876763569749e+00
1.961945531679988308e+00
2.088807507847822098e+00
2.154892549945439661e+00
2.180761453221407020e+00
2.156689585683224664e+00
2.118913986869897847e+00
2.047231503898477190e+00
1.834331154443439083e+00
1.732681508779753354e+00
1.724446801149950748e+00
1.692026030940656511e+00
1.631622630456443623e+00
1.727799219936534847e+00
1.741525354858736163e+00
1.841816412187996077e+00
1.946734897463570757e+00
2.039468224004120867e+00
2.234648227684375321e+00
2.293419033085490000e+00
2.422021444552765246e+00
2.340096191274849691e+00
2.310651573553624161e+00
2.423124675835022668e+00
2.674364511634691688e+00
2.827362754357587882e+00
2.866937812818026288e+00
2.699478189782900994e+00
2.596583369265373697e+00
2.548912856983757802e+00
2.393135700807770938e+00
2.322209840011903559e+00
2.107694063532151940e+00
2.141600962313315648e+00
2.059099840791070335e+00
2.093601797867862491e+00
2.075485996082867324e+00
2.078184561119674978e+00
2.017972064878394534e+00
2.001617646284157281e+00
1.890100881476967531e+00
1.778359084490397146e+00
1.818795946580703538e+00
1.908001356394808390e+00
1.841567448258538020e+00
1.928902430811421542e+00
2.071706912912544496e+00
2.161405912634314141e+00
2.399965804894657939e+00
2.418580190715078349e+00
2.291185083522061738e+00
2.189116237257703101e+00
2.318433382405803211e+00
2.259609953539909011e+00
2.474128461068716422e+00
2.471522554412969974e+00
2.814104006824453386e+00
3.035595095418341050e+00
2.931162578658225382e+00
2.838772056656821974e+00
2.913360404407267623e+00
2.944185933281994849e+00
2.853234442957427230e+00
2.832768373835816700e+00
2.930908637497969593e+00
3.126572754346302219e+00
3.666434857220068455e+00
3.941904380763470606e+00
4.245528752087500912e+00
4.016535402258520904e+00
4.132703734987214439e+00
4.153937889777373549e+00
4.275116080550397157e+00
4.608814619365436016e+00
4.788063563797257949e+00
5.400389172197590071e+00
5.380815513928517646e+00
5.790752466911791352e+00
6.493473013867444799e+00
7.144907883002274751e+00
6.928608155567772542e+00
6.680099760100724815e+00
6.237922165807400887e+00
6.201122848651606567e+00
6.466071210994943641e+00
6.313080494923653418e+00
6.778725540783340442e+00
6.350696958950194926e+00
5.959264028631476862e+00
5.773364298744554368e+00
6.051408328480253118e+00
5.509800103359498991e+00
5.481184161529404797e+00
5.187382350629027528e+00
5.107578741996264604e+00
4.961115015524503846e+00
5.241068756796316563e+00
5.373932042935860132e+00
5.916618658931091623e+00
6.295080223532376174e+00
5.876727652667901758e+00
5.618793464149870687e+00
5.509271861809522441e+00
5.204761097719389440e+00
5.148175523901738160e+00
5.107426312196500007e+00
5.220337738625313584e+00
5.384391961261272286e+00
6.010333769210271626e+00
5.892179488690911349e+00
5.849598764288228558e+00
5.472332065194083661e+00
5.298107870277477538e+00
5.390367287644511229e+00
5.476321478751805749e+00
5.934757886222027601e+00
6.008877432084666737e+00
5.782991189962610079e+00
5.195767761563504727e+00
4.817248523332301247e+00
4.042430355671506881e+00
4.093216858770727384e+00
4.136827126929859766e+00
4.147056833522783315e+00
4.228343079065380650e+00
4.589787577024810439e+00
5.028067483325036946e+00
5.540948285868386947e+00
5.419974360912897637e+00
5.189253533766359006e+00
5.409041621163418689e+00
5.390711390422994853e+00
5.068286300471569916e+00
4.742418081223417126e+00
4.869784031558769932e+00
5.548243694360513345e+00
5.546906092129304078e+00
5.121861998152739126e+00
4.790827543791052356e+00
4.213728012245825383e+00
4.151315519119012087e+00
4.089242048242169858e+00
3.832535874393838249e+00
4.161363568642214794e+00
4.460639508073315440e+00
4.176055329647033076e+00
4.165622063897529870e+00
4.096670667667035026e+00
4.272160777058696901e+00
4.374766699176003470e+00
4.264799526463761481e+00
4.439482793748314116e+00
4.742387302442400809e+00
4.636460381443112233e+00
4.964698190654936560e+00
5.185293053170834554e+00
4.959288010013295001e+00
5.249303881178344788e+00
5.447783486587335133e+00
5.468517109418129962e+00
5.156024525512105328e+00
5.451226433884545308e+00
5.119545376017591742e+00
4.688048474390535958e+00
4.548215475991786327e+00
4.406406487533866212e+00
4.192287956388538461e+00
4.157341335167378915e+00
4.420525275696530976e+00
4.633775942461854314e+00
4.353634724532724931e+00
4.264538964591114478e+00
4.229279533259578727e+00
4.576382784812114579e+00
5.165174318554264232e+00
5.450175832318767455e+00
5.819113662678929266e+00
5.590369007077806707e+00
5.416877287256723683e+00
4.865369435059506920e+00
4.639422636864857452e+00
4.601509808165416437e+00
4.197606128773000655e+00
3.992685932394881121e+00
4.253307938831206059e+00
4.943385786806393511e+00
4.633201001052910328e+00
4.445073094815326087e+00
4.412147745442404734e+00
4.356640816786746306e+00
4.396134292662729592e+00
4.386193961539731845e+00
4.124755591610776762e+00
3.849012163818893661e+00
3.851744654991629435e+00
3.528159898244484172e+00
3.263267832366462784e+00
3.210538925357381057e+00
3.276875747457782317e+00
3.246414119457956993e+00
3.128122762121178013e+00
2.880057103921467743e+00
2.553771253482016057e+00
2.425882130228984579e+00
2.589492569395941857e+00
2.520859650342490266e+00
2.384943467770658909e+00
2.309740253579786629e+00
2.170882299577548302e+00
2.075957728040086270e+00
1.934225743832161948e+00
1.844232287301633022e+00
1.786034003426493877e+00
1.854230264200797507e+00
1.785688573822037828e+00
1.676781238637747862e+00
1.671489922443845311e+00
1.718689227630350924e+00
1.899297430958817312e+00
1.863181899660582674e+00
1.949710850721897870e+00
2.159391495156108398e+00
2.339251741825501885e+00
2.426002896498216099e+00
2.597733721681951380e+00
2.533451992977923339e+00
2.593390779326967710e+00
2.305801768257956574e+00
2.190945031191067649e+00
2.065475797970746985e+00
2.092975391856060963e+00
1.975894775684226445e+00
1.990586126885331542e+00
1.948058708924291782e+00
1.943612909710778602e+00
1.883274779547927658e+00
1.781333006303862598e+00
1.723347126586087130e+00
1.726426896533559407e+00
1.928625594232913354e+00
2.174619663976335104e+00
2.341129306619176287e+00
2.635062948289930151e+00
2.804254457125906264e+00
2.967508266730593203e+00
3.067720998162230206e+00
3.017196290185159224e+00
3.207969797008303203e+00
3.461579590012914931e+00
3.700022024604594950e+00
3.703850166022228052e+00
3.911024222902550473e+00
3.948842065243668209e+00
3.947182595982858810e+00
3.820415218596918905e+00
4.062709404534202484e+00
4.702953265393353455e+00
4.898344514371347991e+00
4.787434848551482602e+00
4.400260411892721990e+00
4.100420292371635078e+00
3.699617271823576914e+00
3.624418180997944106e+00
3.567812636438263407e+00
3.445366903375787437e+00
3.194114900024844328e+00
3.207861637689278123e+00
3.187475309141396540e+00
2.935492885514386252e+00
2.801158257630300685e+00
2.819337213416129195e+00
3.183494646605960376e+00
3.519915451898032455e+00
3.767149071937244909e+00
3.722935944512065554e+00
3.512988435582031332e+00
3.527129359379328921e+00
3.688708726160764950e+00
3.533174638168759873e+00
3.671791394569934308e+00
3.868880954598495681e+00
3.914879177865017379e+00
3.792709399004306370e+00
3.599405627150693121e+00
3.778819893997700241e+00
3.679408925541368447e+00
3.853452004538616471e+00
3.907750323626923095e+00
3.460151673119641558e+00
3.429154353977928782e+00
3.417399040528628085e+00
3.253711890700371256e+00
2.901311974324410237e+00
2.724839309335172821e+00
2.529169890760192718e+00
2.365409057266443238e+00
2.438301275938031587e+00
2.443669557130179637e+00
2.431985897172125544e+00
2.359481158450843719e+00
2.344760794638333756e+00
2.334468480904162480e+00
2.178753695122433776e+00
2.188286538363255929e+00
2.036937621551435651e+00
2.096019778607255191e+00
2.033223000687666815e+00
1.971662334139312689e+00
1.945097389758727147e+00
1.950544021935828987e+00
1.836904422840110573e+00
1.877954821705822619e+00
1.834029265548229315e+00
1.903372755603011779e+00
1.808552938584800263e+00
1.751852486999888825e+00
1.598549719225995647e+00
1.439257350125076051e+00
1.201998664291277885e+00
1.052454813791158239e+00
9.972361049862720206e-01
9.878915216073260730e-01
9.503638301378859454e-01
9.543268238727635744e-01
8.869898491388769068e-01
8.497652640499417931e-01
8.637262045594336080e-01
8.663303828839277188e-01
9.023063626312264329e-01
9.414805475900915877e-01
8.872067609541020028e-01
8.308254774423813327e-01
7.435393999328475667e-01
6.942426000105147432e-01
6.778530816624569466e-01
6.770230077306648164e-01
7.193736539547432862e-01
7.571674275122119990e-01
8.046578767970039570e-01
8.543372473668406908e-01
9.344110750399249321e-01
9.628026286238627884e-01
9.931515428428547843e-01
9.367876328221453885e-01
8.666645674091147944e-01
8.336297183477651140e-01
7.724453499756015473e-01
7.150839347681907654e-01
7.287349129211591059e-01
7.519013028287310219e-01
7.530623194424180822e-01
7.446984017440624326e-01
7.547686650963272292e-01
7.518089385073440933e-01
7.314844295397950891e-01
6.691915727983553941e-01
6.670533730988801313e-01
6.927634024817077574e-01
7.283477961717587101e-01
6.854077459084449986e-01
7.077938062694504318e-01
7.372183087980017646e-01
7.682113032932113006e-01
7.250516010657794830e-01
6.698204519068854390e-01
6.602268410012122057e-01
6.274682723518594241e-01
6.469206028491735205e-01
6.960046739018393991e-01
8.133592265365218177e-01
7.832206312858496222e-01
7.307294598253356588e-01
7.423061549180722807e-01
7.498138683552225681e-01
7.101279285632690064e-01
7.179112945601582307e-01
7.469887559544396982e-01
8.568904851301397674e-01
9.613854784178178514e-01
1.050667854873184481e+00
1.208741318866245695e+00
1.217427143288895675e+00
1.188016938442482573e+00
1.191014765131393593e+00
1.096584527576684787e+00
1.050325712587512950e+00
1.079504403192602435e+00
1.126470072362577790e+00
1.156302703171244284e+00
1.200543567512500465e+00
1.061018292855828937e+00
9.487633094834666547e-01
8.959956159583030155e-01
8.204753619756411931e-01
8.896165477017577983e-01
8.338833408831500815e-01
8.456036783819675939e-01
8.597540253995139548e-01
8.577756022551594750e-01
8.065125749832217084e-01
7.584707614212270466e-01
7.351056743909574198e-01
6.846610076780023091e-01
6.979304288106810139e-01
7.362411440945030305e-01
7.527495634710922312e-01
8.121109460615637543e-01
8.597629411749658779e-01
8.811287506689418070e-01
9.003682251966338423e-01
9.163137558386439396e-01
1.024200364285537956e+00
1.181200630750084413e+00
1.257844076170834935e+00
1.529387305964421850e+00
1.550905015233748907e+00
1.562225121556864549e+00
1.617512690439937284e+00
1.779435686547026219e+00
1.925325534257975590e+00
1.903231200749777807e+00
1.982917376546460053e+00
2.306978398935833674e+00
2.440900074516719087e+00
2.219829464680693309e+00
2.172161923934942784e+00
1.960507203680922794e+00
1.884888626514235943e+00
1.843345722413000098e+00
1.946617677820603687e+00
2.026984563639234072e+00
2.114522359231847837e+00
2.123240525630716746e+00
1.883978916263290948e+00
1.729465634253496864e+00
1.487454728553892602e+00
1.446450193059505063e+00
1.499349532965391862e+00
1.610938473199481802e+00
1.553961541287981474e+00
1.412286560233104504e+00
1.342717275516709829e+00
1.235514397744446713e+00
1.191508325769917276e+00
1.125737133956995928e+00
1.052801619908917630e+00
1.003248967541747305e+00
9.144718865606862312e-01
8.408957844052312725e-01
8.193744496461673466e-01
8.128322481071720285e-01
8.056731622951830429e-01
8.742945127367894864e-01
9.212401159363514669e-01
1.023281712077673156e+00
1.013181767088941587e+00
9.913816430057970086e-01
1.005535318563103520e+00
1.035064018677779085e+00
1.032456676075506286e+00
1.158907424436518285e+00
1.083200907600337271e+00
1.066560878839478921e+00
1.065240223750047788e+00
1.018441934393341963e+00
1.047467737079946559e+00
1.128464680005536902e+00
1.104223350173096252e+00
1.190306470320394938e+00
1.320195448515189662e+00
1.413059167547439099e+00
1.357180466073740543e+00
1.309451918431848938e+00
1.253607160109358132e+00
1.203785678218600275e+00
1.248862617742200642e+00
1.297246925553003694e+00
1.303259390579413868e+00
1.491117897844377760e+00
1.485593768459992026e+00
1.392742719750593716e+00
1.575690465662907824e+00
1.702604779103625621e+00
1.734967879979571803e+00
1.647012430785062875e+00
1.726367934144975136e+00
1.819821404739081050e+00
1.771427114133112157e+00
1.704517385084020731e+00
1.755152776401811554e+00
1.804582602529673840e+00
1.742310032338071357e+00
1.530798621473732801e+00
1.443154090670204726e+00
1.373525103017182891e+00
1.236324089181421781e+00
1.098865124852447916e+00
1.078441783827072564e+00
1.188654260001452689e+00
1.104481509124271232e+00
1.002872575337773853e+00
9.751842538896500212e-01
9.003437444499193809e-01
8.711425084361251736e-01
8.485402725824139347e-01
8.481975088562988541e-01
8.191507424608005516e-01
7.490686499157966916e-01
7.022199103330332148e-01
6.468931118796386048e-01
6.386165957930215464e-01
6.716909485498707699e-01
7.106345038910257816e-01
7.271063551018683846e-01
6.935837006319998110e-01
6.892056282836147574e-01
6.565778300101599019e-01
6.194563581955589981e-01
6.654401952262217756e-01
7.037961284042384413e-01
7.176407419104056107e-01
7.932629803884775344e-01
7.651648787844228528e-01
7.272670719072310552e-01
7.236356033728614801e-01
6.668448823481089027e-01
6.986255250875627043e-01
6.703335241709543757e-01
6.043831461253875714e-01
5.844638761176805808e-01
6.374675404684830848e-01
6.382184359435211229e-01
6.373305238556381536e-01
6.396720275724679938e-01
6.212522646709134344e-01
5.903105051926661462e-01
