pure dqn 分散処理のみ
[52.0, 50.0, 56.0, 46.0, 48.0, 44.0, 54.0, 48.0, 54.0, 46.0, 50.0, 52.0, 34.0, 40.0, 44.0, 40.0, 60.0, 50.0, 38.0, 46.0, 64.0, 54.0, 50.0, 52.0, 72.0, 54.0, 60.0, 64.0, 78.0, 66.0, 70.0, 68.0, 68.0, 86.0, 76.0, 82.0, 80.0, 74.0, 88.0, 90.0]

pure dqn 分散処理のみ,128*8


dqn 分散処理+マルチステップ(失敗)
[50.0, 42.0, 44.0, 46.0, 38.0, 34.0, 46.0, 26.0, 32.0, 40.0, 30.0, 46.0, 36.0, 28.000000000000004, 44.0, 26.0, 38.0, 30.0, 44.0, 54.0, 38.0, 32.0, 54.0, 42.0, 46.0, 36.0, 44.0, 36.0, 32.0, 40.0, 28.000000000000004, 32.0, 26.0, 44.0, 44.0, 40.0, 34.0, 34.0, 28.000000000000004, 36.0]

dqn_pr 分散処理+優先度付きリプレイ dqn
[46.0, 40.0, 62.0, 50.0, 44.0, 56.00000000000001, 64.0, 52.0, 54.0, 60.0, 66.0, 60.0, 60.0, 64.0, 68.0, 60.0, 57.99999999999999, 66.0, 70.0, 70.0, 60.0, 68.0, 78.0, 76.0, 70.0, 74.0, 74.0, 88.0, 88.0, 82.0, 82.0, 72.0, 84.0, 90.0, 78.0, 84.0, 78.0, 88.0, 84.0, 84.0, 78.0, 86.0, 84.0, 96.0, 94.0, 92.0, 82.0, 92.0, 90.0, 88.0, 92.0, 94.0, 92.0, 94.0, 90.0, 84.0]

dqn_duel  分散処理+dueling
[54.0, 50.0, 62.0, 48.0, 44.0, 60.0, 52.0, 54.0, 52.0, 70.0, 74.0, 64.0, 50.0, 66.0, 80.0, 70.0, 76.0, 72.0, 68.0, 72.0, 74.0, 84.0, 78.0, 74.0, 84.0, 82.0, 76.0, 84.0, 84.0, 84.0, 92.0, 76.0, 80.0, 88.0, 88.0, 86.0, 90.0, 92.0, 84.0, 82.0]
[46.0, 28.000000000000004, 57.99999999999999, 54.0, 54.0, 54.0, 42.0, 52.0, 54.0, 56.00000000000001, 74.0, 62.0, 57.99999999999999, 60.0, 78.0, 66.0, 62.0, 76.0, 78.0, 88.0, 80.0, 84.0, 94.0, 90.0, 84.0, 90.0, 76.0, 94.0, 88.0, 82.0, 82.0, 88.0, 86.0, 90.0, 92.0, 92.0, 80.0, 98.0, 92.0, 94.0]

dqn_double 分散処理+double
[50.0, 40.0, 48.0, 62.0, 46.0, 62.0, 48.0, 64.0, 54.0, 40.0, 54.0, 50.0, 54.0, 57.99999999999999, 42.0, 48.0, 52.0, 42.0, 52.0, 48.0, 66.0, 62.0, 52.0, 56.00000000000001, 60.0, 64.0, 68.0, 62.0, 66.0, 68.0, 76.0, 74.0, 82.0, 84.0, 74.0, 76.0, 90.0, 84.0, 76.0, 86.0, 80.0, 88.0, 74.0, 78.0, 90.0, 88.0, 86.0, 84.0, 94.0, 78.0, 90.0, 88.0, 78.0, 84.0, 88.0, 84.0, 82.0, 90.0, 90.0, 88.0]



dqn1: duelingなし,TdHuberLoss, 分散処理+Double+優先度付きリプレイ
[ 38,  40,  48,  46,  34,  46,  56,  40,  62,  66,  60,  62,  54,  64,
  70,  56,  56,  72,  58,  64,  70,  70,  74,  84,  80,  78,  84,  80,
  80,  88,  90,  88,  82,  86,  84,  90,  88,  82,  90,  88,  80,  96,
  86,  96,  90,  88,  88,  96,  94,  94,  98,  98,  96,  98,  92,  94,
  96,  96,  96, 100,  96,  96,  96,  92,  94,  98,  98,  94,  98,  94,
  96,  96, 100,  98,]

duel_dqn_bn, dueling TdHuberLoss 出力にbn
[42.0, 62.0, 48.0, 50.0, 42.0, 66.0, 68.0, 64.0, 76.0, 66.0, 72.0, 82.0, 78.0, 78.0, 88.0, 94.0, 86.0, 90.0, 96.0, 90.0, 88.0, 90.0, 92.0, 94.0, 92.0, 94.0, 86.0, 96.0, 94.0, 90.0, 92.0, 92.0, 94.0, 92.0, 100.0, 94.0, 96.0, 98.0, 96.0, 96.0]

dueling_dqn2, dueling TdHuberLoss adv関数のうち有効なアクションの平均を引く 分散処理+Double+dueling+優先度付きリプレイ
[32.0, 34.0, 38.0, 44.0, 50.0, 54.0, 66.0, 54.0, 62.0, 64.0, 72.0, 60.0, 74.0, 76.0, 82.0, 82.0, 92.0, 88.0, 94.0, 92.0, 94.0, 92.0, 94.0, 90.0, 96.0, 88.0, 88.0, 96.0, 92.0, 94.0, 96.0, 92.0, 96.0, 94.0, 88.0, 94.0, 98.0, 98.0, 98.0, 96.0, 94.0, 94.0, 96.0, 98.0, 98.0, 96.0, 100.0, 100.0, 98.0, 94.0, 98.0, 96.0, 98.0, 98.0, 94.0, 96.0, 96.0, 98.0, 100.0, 98.0, 96.0, 98.0, 98.0, 96.0, 92.0, 98.0, 92.0, 94.0, 98.0, 98.0, 96.0, 98.0, 98.0, 100.0, 98.0, 100.0, 96.0, 96.0, 100.0, 96.0]


